135639
405710
388122
895383
451225
401529
235973
812075
162405
375965
621540
514669
431034
831346
830342
599864
10466
118736
569406
435254
291574
30137
834861
202536
237923
204584
153293
120855
575623
573331
491937
513194
301319
121541
401562
894555
556272
258433
255439
127924
400501
279862
353070
325929
350684
354477
580674
303966
301490
275177
583583
199062
899642
385247
197549
635362
464064
625445
870630
143358
580468
2495
263416
320163
13148
657452
44974
550467
800325
556565
46094
278507
248951
212205
624781
442978
375229
164519
301560
24918
132806
457731
27718
531826
351829
886527
213657
565512
285121
411731
503810
274102
601401
800647
35917
635312
586635
853660
412858
267643
426242
552424
804816
244845
39945
59554
296271
142373
827454
328712
431513
566139
500758
227216
334723
286038
280022
515857
373268
193151
358017
233804
348069
284729
12959
55447
301644
608782
153089
369432
873862
126572
299484
102408
105856
482895
516986
292753
485516
656447
451850
294502
428684
174781
816622
522063
504127
624745
363434
644027
623125
864645
398890
158296
502298
289959
508222
842012
873793
159264
617734
229451
631198
868440
53041
54635
193878
295482
48094
4301
480057
852350
334908
506346
10246
381744
208309
197146
642408
313083
343801
502218
592314
854962
32058
66676
405717
628204
175121
879719
631884
653990
134492
446060
275642
304805
180367
554528
420774
563983
167282
62464
297007
838360
256081
343286
115576
531276
235619
528828
407910
135671
890854
585200
347742
195418
397493
110521
218391
478066
457512
840536
593632
212548
25262
340497
507376
646501
86663
880700
828130
305441
831394
845047
262342
420996
596747
453115
6281
603331
643671
335445
878394
897784
312663
492023
223078
222343
289200
595983
149109
184564
357288
820272
405652
40882
831505
233711
465911
131087
240166
563569
541
485186
554086
874955
22535
813301
620186
289483
535597
868649
529820
820820
367166
541703
857277
175945
105596
540699
183675
195261
216023
569455
615681
887877
590402
411551
889679
520367
858077
106737
879744
305094
626285
319547
620488
266719
276572
224620
171178
328335
327075
641916
28606
882222
503368
433352
314550
301056
251047
523891
344522
551940
839007
354691
17596
141216
436101
622953
243913
238136
346556
254653
279193
182114
458584
655598
495744
456361
872068
260967
458727
356160
299410
109757
823673
461727
643780
510528
669038
247505
372171
417932
869219
130634
207837
234448
423747
365725
669233
523849
854654
869031
139947
636958
367269
18645
480809
323782
84529
606809
274630
126492
250177
491869
299066
430305
200777
552530
179541
398137
536722
295155
632798
409301
259840
887195
364184
639198
538786
404959
413810
583637
162474
826518
548282
21197
878110
281208
169287
830842
865357
825009
278569
399518
598580
374374
435633
451135
652662
508885
252066
636079
849978
472280
100773
435283
39694
882639
224260
188451
428219
463505
587857
491748
455255
812399
478917
865069
16422
35029
587045
452403
231652
156501
566503
292761
593764
283271
407490
841286
864958
842655
546608
401546
412418
665514
524918
153718
536089
224442
229952
250891
466175
120769
890023
599941
393063
824865
334513
39878
641064
842069
49977
66910
255193
277891
23964
635527
231352
445366
241467
624435
222170
863060
289537
818648
472031
254668
65602
513635
833540
481527
16577
222769
2647
119120
488851
571341
308946
104883
817076
363960
570197
459088
825933
385105
38128
83643
317060
358554
859110
386323
40283
603448
180734
104607
811919
165674
165219
18896
369605
346739
600556
578247
522003
827984
171048
394175
299828
567141
856184
339797
864365
563801
414407
867257
821246
493562
590949
648152
566750
636021
823835
887947
805692
190129
828845
278159
33305
1934
486442
659891
412908
352028
186820
260008
295328
585134
12023
244381
489684
816904
307908
378019
842960
88095
241728
533195
111475
660691
451626
230837
210375
350071
889079
669564
494222
838851
242996
457456
191988
574592
172349
882906
869652
813939
157732
808984
474767
181701
576981
604596
372555
472623
140332
428579
191119
156534
153859
320466
298463
83219
509471
447836
310668
354649
42737
21331
240997
517328
852071
658883
611598
861243
379877
805340
115334
633221
495651
877909
612436
806420
33389
382842
463761
337490
348453
408080
541950
639480
504545
446894
44563
427696
182935
458393
614289
315665
400649
143383
161576
530257
892063
460160
849843
48845
621008
226265
260354
487723
213654
382065
28332
853691
265926
23870
546104
152661
267139
528496
508583
839976
248997
386604
277546
276302
389555
265174
151844
49576
450124
377472
804925
123352
592455
174734
366103
898681
80758
112256
175963
405847
434498
485768
144605
451562
424153
63040
419711
892757
149690
29198
384454
408910
58733
187387
545764
397989
506830
811470
37982
401257
86696
343
551019
138975
569971
574546
610367
175252
320459
417078
184429
359621
26877
829346
399058
333000
612216
521735
171963
200602
344123
870028
107582
848290
845865
8078
379003
322428
205035
135070
318586
270111
600550
139186
862470
301373
831007
608673
664031
536260
860583
340335
165784
239043
585172
873030
571802
527572
131135
874631
428625
636014
355638
286300
49320
219560
476335
103341
399432
547941
379226
80092
646979
129375
300633
172458
638532
396274
544055
138764
114197
858869
60696
594108
854913
410490
200132
196602
404694
472987
593963
843628
526053
856074
118005
874302
297896
652681
282949
337912
276327
216376
50103
461993
529641
835491
826593
244100
237451
323579
390365
45433
185245
615691
508914
505756
317292
215970
162428
57595
264218
296866
338002
813523
226806
218161
566479
577422
5523
594865
572651
305427
185095
663404
315179
353807
829034
269301
110190
855113
472475
231634
207486
159619
421728
632065
347561
168242
357219
49067
239044
287479
286172
227016
594189
82457
169237
258988
18214
86928
105742
834943
253704
185622
642961
285214
549429
420849
85768
448399
454473
237387
840706
159696
156960
431938
34194
508905
567954
248659
622328
36646
266065
403456
514166
388
3602
8971
49425
48682
894148
501966
590035
59675
226308
226279
341131
239988
402430
281355
250816
466524
606928
438028
156527
531060
307216
206700
609667
103447
138359
23388
513539
493450
654433
84543
441048
802758
473751
333785
446627
116658
161746
467054
388957
523037
515673
538270
300567
841502
217838
592931
454285
569991
503385
482343
827587
435229
603764
883562
109889
370972
139401
871656
803852
638829
18094
438880
294813
603884
86801
439402
62501
586422
816391
579118
540111
1945
644508
393127
327244
821072
626460
339359
853189
823886
385679
340502
405216
563058
406876
319779
848601
814358
504749
420072
121117
60212
451987
327894
36057
800933
346520
473645
368442
594358
253879
383456
227624
836613
366084
64979
208649
436511
580959
430680
465492
21916
272049
578692
860718
345264
219601
438135
471214
568254
890836
103056
172000
347200
224916
236557
217703
850527
56468
152497
254166
871780
163227
63865
217741
805540
869413
317075
893979
31578
110742
476597
394074
650108
469451
372169
228760
50639
655957
814574
897763
860676
641148
22503
139431
621004
599143
866662
815402
349238
855078
278899
45299
392410
331266
331675
209090
25415
431113
844707
575268
137632
195081
586090
649640
250105
896236
200721
584677
316677
113184
429803
148240
357961
666668
528241
146766
175688
492913
127763
188596
323177
631211
596572
388859
268319
244286
897586
435064
310283
216610
480329
820463
348659
230849
203373
117888
856890
38353
197331
664887
398587
366059
63098
814649
255824
539751
820023
285194
42398
817575
250393
561152
485468
411561
507236
312407
493400
268879
180197
879593
805815
288657
116753
652793
156715
818225
441557
407971
278175
182504
182133
132987
167617
864357
584527
335644
415694
399107
592479
453682
286013
341944
529915
259816
282992
577610
226994
487618
823514
105428
597644
229703
18717
27127
42547
493618
806941
657371
584245
640693
655291
630236
385890
200811
121994
447975
26044
372496
609624
89369
269561
835924
88301
174757
407550
229980
102925
397590
311644
878345
543812
272376
291105
648598
261721
893987
896556
605723
887699
201182
84744
136504
655767
616795
321997
576071
3594
569697
889379
473058
433384
655825
89241
