135639
405710
388122
895383
451225
401529
235973
812075
162405
375965
621540
514669
431034
831346
830342
599864
10466
118736
569406
435254
291574
30137
834861
202536
237923
204584
153293
120855
575623
573331
491937
513194
301319
121541
401562
894555
556272
258433
255439
127924
400501
279862
353070
325929
350684
354477
580674
303966
301490
275177
583583
199062
899642
385247
197549
635362
464064
625445
870630
143358
580468
2495
263416
320163
13148
657452
44974
550467
800325
556565
46094
278507
248951
212205
624781
442978
375229
164519
301560
24918
132806
457731
27718
531826
351829
886527
213657
565512
285121
411731
503810
274102
601401
800647
35917
635312
586635
853660
412858
267643
426242
552424
804816
244845
39945
59554
296271
142373
827454
328712
431513
566139
500758
227216
334723
286038
280022
515857
373268
193151
358017
233804
348069
284729
12959
55447
301644
608782
153089
369432
873862
126572
299484
102408
105856
482895
516986
292753
485516
656447
451850
294502
428684
174781
816622
522063
504127
624745
363434
644027
623125
864645
398890
158296
502298
289959
508222
842012
873793
159264
617734
229451
631198
868440
53041
54635
193878
295482
48094
4301
480057
852350
334908
506346
10246
381744
208309
197146
642408
313083
343801
502218
592314
854962
32058
66676
405717
628204
175121
879719
631884
653990
134492
446060
275642
304805
180367
554528
420774
563983
167282
62464
297007
838360
256081
343286
115576
531276
235619
528828
407910
135671
890854
585200
347742
195418
397493
110521
218391
478066
457512
840536
593632
212548
25262
340497
507376
646501
86663
880700
828130
305441
831394
845047
262342
420996
596747
453115
6281
603331
643671
335445
878394
897784
312663
492023
223078
222343
289200
595983
149109
184564
357288
820272
405652
40882
831505
233711
465911
131087
240166
563569
541
485186
554086
874955
22535
813301
620186
289483
535597
868649
529820
820820
367166
541703
857277
175945
105596
540699
183675
195261
216023
569455
615681
887877
590402
411551
889679
520367
858077
106737
879744
305094
626285
319547
620488
266719
276572
224620
171178
328335
327075
641916
28606
882222
503368
433352
314550
301056
251047
523891
344522
551940
839007
354691
17596
141216
436101
622953
243913
238136
346556
254653
279193
182114
458584
655598
495744
456361
872068
260967
458727
356160
299410
109757
823673
461727
643780
510528
669038
247505
372171
417932
869219
130634
207837
234448
423747
365725
669233
523849
854654
869031
139947
636958
367269
18645
480809
323782
84529
606809
274630
126492
250177
491869
299066
430305
200777
552530
179541
398137
536722
295155
632798
409301
259840
887195
364184
639198
538786
404959
413810
583637
162474
826518
548282
21197
878110
281208
169287
830842
865357
825009
278569
399518
598580
374374
435633
451135
652662
508885
252066
636079
849978
472280
100773
435283
39694
882639
224260
188451
428219
463505
587857
491748
455255
812399
478917
865069
16422
35029
587045
452403
231652
156501
566503
292761
593764
283271
407490
841286
864958
842655
546608
401546
412418
665514
524918
153718
536089
224442
229952
250891
466175
120769
890023
599941
393063
824865
334513
39878
641064
842069
49977
66910
255193
277891
23964
635527
231352
445366
241467
624435
222170
863060
289537
818648
472031
