135639
405710
388122
895383
451225
401529
235973
812075
162405
375965
621540
514669
431034
831346
830342
599864
10466
118736
569406
435254
291574
30137
834861
202536
237923
204584
153293
120855
575623
573331
491937
513194
301319
121541
401562
894555
556272
258433
255439
127924
400501
279862
353070
325929
350684
354477
580674
303966
301490
275177
583583
199062
899642
385247
197549
635362
464064
625445
870630
143358
580468
2495
263416
320163
13148
657452
44974
550467
800325
556565
46094
278507
248951
212205
624781
442978
375229
164519
301560
24918
132806
457731
27718
531826
351829
886527
213657
565512
285121
411731
503810
274102
601401
800647
35917
635312
586635
853660
412858
267643
426242
552424
804816
244845
39945
59554
296271
142373
827454
328712
431513
566139
500758
227216
334723
286038
280022
515857
373268
193151
358017
233804
348069
284729
12959
55447
301644
608782
153089
369432
873862
126572
299484
102408
105856
482895
516986
292753
485516
656447
451850
294502
428684
174781
816622
522063
504127
624745
363434
644027
623125
864645
398890
158296
502298
289959
508222
842012
873793
159264
617734
229451
631198
868440
53041
54635
193878
295482
48094
4301
480057
852350
334908
506346
10246
381744
208309
197146
642408
313083
343801
502218
592314
854962
32058
66676
405717
628204
175121
879719
631884
653990
134492
446060
275642
304805
180367
554528
420774
563983
167282
62464
297007
838360
256081
343286
115576
531276
235619
528828
407910
135671
890854
585200
347742
195418
397493
110521
218391
478066
457512
840536
593632
212548
25262
340497
507376
646501
86663
880700
828130
305441
831394
845047
262342
420996
596747
453115
6281
603331
643671
335445
878394
897784
312663
492023
223078
222343
289200
595983
149109
184564
357288
820272
405652
40882
831505
233711
465911
131087
240166
563569
541
485186
554086
874955
22535
813301
620186
289483
535597
868649
529820
820820
367166
541703
857277
175945
105596
540699
183675
195261
216023
569455
615681
887877
590402
411551
889679
520367
858077
106737
879744
305094
626285
319547
620488
266719
276572
224620
171178
328335
327075
641916
28606
882222
503368
433352
314550
301056
251047
523891
344522
551940
839007
354691
17596
141216
436101
622953
243913
238136
346556
254653
279193
182114
458584
655598
495744
456361
872068
260967
458727
356160
299410
109757
823673
461727
643780
510528
669038
247505
372171
417932
869219
130634
207837
234448
423747
365725
669233
523849
854654
869031
139947
636958
367269
18645
480809
323782
84529
606809
274630
126492
250177
491869
299066
430305
200777
552530
179541
398137
536722
295155
632798
409301
259840
887195
364184
639198
538786
404959
413810
583637
162474
826518
548282
21197
878110
281208
169287
830842
865357
825009
278569
399518
598580
374374
435633
451135
652662
508885
252066
636079
849978
472280
100773
435283
39694
882639
224260
188451
428219
463505
587857
491748
455255
812399
478917
865069
16422
35029
587045
452403
231652
156501
566503
292761
593764
283271
407490
841286
864958
842655
546608
401546
412418
665514
524918
153718
536089
224442
229952
250891
466175
120769
890023
599941
393063
824865
334513
39878
641064
842069
49977
66910
255193
277891
23964
635527
231352
445366
241467
624435
222170
863060
289537
818648
472031
254668
65602
513635
833540
481527
16577
222769
2647
119120
488851
571341
308946
104883
817076
363960
570197
459088
825933
385105
38128
83643
317060
358554
859110
386323
40283
603448
180734
104607
811919
165674
165219
18896
369605
346739
600556
578247
522003
827984
171048
394175
299828
567141
856184
339797
864365
563801
414407
867257
821246
493562
590949
648152
566750
636021
823835
887947
805692
190129
828845
278159
33305
1934
486442
659891
412908
352028
186820
260008
295328
585134
12023
244381
489684
816904
307908
378019
842960
88095
241728
533195
111475
660691
451626
230837
210375
350071
889079
669564
494222
838851
242996
457456
191988
574592
172349
882906
869652
813939
157732
808984
474767
181701
576981
604596
372555
472623
140332
428579
191119
156534
153859
320466
298463
83219
509471
447836
310668
354649
42737
21331
240997
517328
852071
658883
611598
861243
379877
805340
115334
633221
495651
877909
612436
806420
33389
382842
463761
337490
348453
408080
541950
639480
504545
446894
44563
427696
182935
458393
614289
315665
400649
143383
161576
530257
892063
460160
849843
48845
621008
226265
260354
487723
213654
382065
28332
853691
265926
23870
546104
152661
267139
528496
508583
839976
248997
386604
277546
276302
389555
265174
151844
49576
450124
377472
804925
123352
592455
174734
366103
898681
80758
112256
175963
405847
434498
485768
144605
451562
424153
63040
419711
892757
149690
29198
384454
408910
58733
187387
545764
397989
506830
811470
37982
401257
86696
343
551019
138975
569971
574546
610367
175252
320459
417078
184429
359621
26877
829346
399058
333000
612216
521735
171963
200602
344123
870028
107582
848290
845865
8078
379003
322428
205035
135070
318586
270111
600550
139186
862470
301373
831007
608673
664031
536260
860583
340335
165784
239043
585172
873030
571802
527572
131135
874631
428625
636014
355638
286300
49320
219560
476335
103341
399432
547941
379226
80092
646979
129375
300633
172458
638532
396274
544055
138764
114197
858869
60696
594108
854913
410490
200132
196602
404694
472987
593963
843628
526053
856074
118005
874302
297896
652681
282949
337912
276327
216376
50103
461993
529641
835491
826593
244100
237451
323579
390365
45433
185245
615691
508914
505756
317292
215970
162428
57595
264218
296866
338002
813523
226806
218161
566479
577422
5523
594865
572651
305427
185095
663404
315179
353807
829034
269301
110190
855113
472475
231634
207486
159619
421728
632065
347561
168242
357219
49067
239044
287479
286172
227016
594189
82457
169237
258988
18214
86928
105742
834943
253704
185622
642961
285214
549429
420849
85768
448399
454473
237387
840706
159696
156960
431938
34194
508905
567954
248659
622328
36646
266065
403456
514166
388
3602
8971
49425
48682
894148
501966
590035
59675
226308
226279
341131
239988
402430
281355
250816
466524
606928
438028
156527
531060
307216
206700
609667
103447
138359
23388
513539
493450
654433
84543
441048
802758
473751
333785
446627
116658
161746
467054
388957
523037
515673
538270
300567
841502
217838
592931
454285
569991
503385
482343
827587
435229
603764
883562
109889
370972
139401
871656
803852
638829
18094
438880
294813
603884
86801
439402
62501
586422
816391
579118
540111
1945
644508
393127
327244
821072
626460
339359
853189
823886
385679
340502
405216
563058
406876
319779
848601
814358
504749
420072
121117
60212
451987
327894
36057
800933
346520
473645
368442
594358
253879
383456
227624
836613
366084
64979
208649
436511
580959
430680
465492
21916
272049
578692
860718
345264
219601
438135
471214
568254
890836
103056
172000
347200
224916
236557
217703
850527
56468
152497
254166
871780
163227
63865
217741
805540
869413
317075
893979
31578
110742
476597
394074
650108
469451
372169
228760
50639
655957
814574
897763
860676
641148
22503
139431
621004
599143
866662
815402
349238
855078
278899
45299
392410
331266
331675
209090
25415
431113
844707
575268
137632
195081
586090
649640
250105
896236
200721
584677
316677
113184
429803
148240
357961
666668
528241
146766
175688
492913
127763
188596
323177
631211
596572
388859
268319
244286
897586
435064
310283
216610
480329
820463
348659
230849
203373
117888
856890
38353
197331
664887
398587
366059
63098
814649
255824
539751
820023
285194
42398
817575
250393
561152
485468
411561
507236
312407
493400
268879
180197
879593
805815
288657
116753
652793
156715
818225
441557
407971
278175
182504
182133
132987
167617
864357
584527
335644
415694
399107
592479
453682
286013
341944
529915
259816
282992
577610
226994
487618
823514
105428
597644
229703
18717
27127
42547
493618
806941
657371
584245
640693
655291
630236
385890
200811
121994
447975
26044
372496
609624
89369
269561
835924
88301
174757
407550
229980
102925
397590
311644
878345
543812
272376
291105
648598
261721
893987
896556
605723
887699
201182
84744
136504
655767
616795
321997
576071
3594
569697
889379
473058
433384
655825
89241
566987
661589
361962
36082
625092
479400
606249
841208
278299
895335
475984
335330
332482
642342
354244
104350
568345
615960
454721
396836
853762
321959
394008
244803
300398
862459
823438
159499
641511
866782
86992
497305
124192
649594
866007
819184
845366
600652
511871
186646
489731
583970
584345
437124
649408
293592
185263
482233
8162
295066
367591
140314
495787
851693
35432
262506
823500
429784
161446
833625
275849
310260
29846
534017
547238
186076
562586
3573
395611
172430
319229
833783
303200
483961
164759
384735
177723
299854
815168
346387
537833
458050
475284
669553
183397
5668
13945
887849
896152
423605
65217
565072
232446
298351
460210
527591
225596
662246
272855
451370
521597
887622
659638
887495
374296
541430
613916
3280
893273
655
283392
557532
644503
364982
318661
157077
116231
214068
521299
378778
391538
487358
407167
642169
384422
340732
110236
313113
595717
148138
238803
834703
829648
341439
837663
828875
812741
431595
108254
583564
277484
285518
18781
552311
837683
886412
421362
33070
8710
369352
361334
884348
11545
317514
323958
134690
239555
865165
519392
366622
174211
814488
657641
818643
650238
230359
47136
429455
566521
261263
801557
484650
489463
597231
215380
251273
862451
403666
480214
363067
130644
284874
258578
500599
354423
881491
150276
80442
347591
859325
114405
32073
248678
562433
446998
563354
599967
151321
533738
860546
898704
88199
838447
885911
407908
650900
512435
153265
243937
34236
52011
600175
31582
392686
243017
452183
435505
143979
594274
86492
256264
339471
217025
189835
492666
492610
155604
572490
563528
833628
234632
290295
296505
299564
826921
110849
439073
852056
167220
666658
435582
136539
525952
855882
394496
582928
243873
180781
413047
662692
22174
100034
500675
463877
359514
38093
567935
42999
501239
5279
48378
201854
889073
292623
487073
157613
387942
565689
535133
343000
464073
201885
426908
294187
630417
607365
119557
411674
807917
318304
48412
861220
378334
812636
384950
506242
620308
392268
126358
365028
853196
118131
828599
628983
503716
845136
825538
587283
831619
230583
646974
607487
800523
203675
16493
212070
224907
586070
877613
853676
215352
149988
488260
832358
60415
583499
63743
376178
354704
50368
233751
122953
437316
613973
10486
361007
499763
558593
196838
669142
891558
605229
47925
212245
57632
642402
260539
833377
40699
8584
549813
299227
593587
348983
299811
593246
517286
281008
153170
60483
170330
61865
820787
560262
446778
135183
641429
604305
269620
81539
242989
472925
447816
856445
559237
85690
463151
861081
448172
299015
372422
13870
100081
520272
450934
330017
801271
444164
153339
534629
52082
304923
868358
199632
51634
466415
33340
348890
592128
859149
30207
662044
608864
256474
32593
41376
43235
176168
343850
228246
205758
124545
209322
842450
827391
362967
159040
303232
336648
347474
372482
662005
810032
595564
52481
638920
287575
551684
249946
124277
402071
413533
247410
455462
313498
207813
800286
84601
596954
474998
107030
106797
249549
519280
266047
375903
825558
351766
343062
348118
585486
100892
424027
849648
545721
197342
219175
666886
87099
230908
294143
327279
641221
602
486292
107853
462353
592996
184760
521396
185620
281122
188603
445382
839603
10802
405292
105157
590576
335112
574091
493655
312192
22856
298975
592891
525996
367358
553996
539249
226764
425283
497916
245661
119673
385402
364453
616611
648616
652168
400782
126481
606903
168486
290735
852527
831213
296629
421882
149125
59116
525999
550516
160903
305788
530575
346471
17324
365973
508835
361860
301568
825884
116352
629477
241296
368952
883864
149900
452636
81150
656960
307151
453145
153163
524793
266201
359166
604821
405943
859468
821399
52581
862906
347433
518159
576096
238434
317678
584565
601859
485141
247257
654931
285535
488561
218569
395621
485034
849737
201964
374583
81977
588627
628060
589551
493705
622812
583530
82681
432560
617696
428426
572797
128550
860620
651870
844758
522757
425886
661812
288500
161175
329219
649675
829522
127572
501956
869759
341612
652155
669051
592967
847583
664036
141959
587820
327909
886164
202076
31900
150951
893080
316440
486861
478935
1054
802746
310520
297409
571624
836305
480788
875701
34100
224447
130550
471994
48819
589420
823183
859520
370328
464065
156243
178776
543609
358122
82374
630221
194764
224407
873506
5740
106119
848854
453312
469345
484186
302976
376720
118788
126734
308581
100712
873181
138350
840809
458486
336420
381926
435684
155238
263612
208748
217242
273679
566430
363269
491468
144098
390180
53109
631919
625246
299005
513903
306070
44358
203308
867944
369819
898161
899805
57809
828369
332524
236589
176841
18640
232758
659670
37370
479232
478077
441130
310096
105282
243981
144547
442850
411059
482855
453490
137631
822823
596573
18867
864981
282386
506421
367206
322781
194021
106523
347737
188095
373623
284571
800061
32501
434900
342201
594709
28863
373943
564839
85144
839979
131094
252025
810101
607606
384693
529686
365590
517474
501578
167472
352630
586983
491219
836166
663316
132983
895446
404212
476096
551562
893275
259945
232755
495050
46214
393469
374028
634362
566463
457238
235933
241710
816279
234692
393590
100867
233110
332374
518402
566788
106718
209636
406756
299115
567642
335613
296658
505727
188301
492923
315051
406774
625150
416347
348674
815240
846289
440639
379021
621513
356431
280955
628971
401413
190799
42399
476162
185996
472908
537862
282426
529643
521507
625448
825218
310692
30940
370642
375461
823608
438173
403428
144504
81946
220630
328239
611936
295004
870408
479791
304861
186312
474444
483576
13635
805413
623709
528005
311544
371242
274678
497407
24185
22153
244466
268848
43993
193026
658626
461998
862842
394020
308466
63754
403979
473650
83490
147151
494367
894133
452525
569680
539996
618023
312784
621824
21610
361504
440205
841070
253941
51913
286360
554895
357382
375508
267196
261416
52850
581664
808910
47284
408814
224082
263363
142436
419054
447736
872213
407808
859461
318385
298555
837294
578480
420624
855477
519313
615723
220372
480408
287766
83520
290907
465407
404910
209161
308872
520111
575698
25194
874009
226665
591818
590465
409191
828247
491350
427572
54024
146564
518657
451224
60445
435877
14361
514453
186392
571809
473388
572614
132294
354263
669960
385863
897944
338671
358518
645125
8804
410319
665729
360221
349767
370547
263063
658602
829335
299142
58053
22899
180165
3530
371502
580455
899722
633970
301468
304241
367276
659689
467507
272122
222692
17863
489655
302597
838080
571251
547926
112946
501109
339034
129205
329892
649332
586239
802198
48306
353416
391736
373640
163228
101225
137803
659209
64343
396744
626372
81465
486602
255668
872854
271436
842539
591921
80773
222272
666640
616672
541364
475265
222415
283097
800704
212985
665540
373608
217377
825095
662422
185121
365134
275136
362138
806315
530857
848568
457071
176661
147858
168410
648592
898085
126847
638100
847244
297017
559203
252483
500516
158968
211013
411017
410565
578957
554966
152146
120065
86045
358199
182001
815085
596179
893442
314129
616654
87662
590105
143807
385268
570954
65346
375428
534866
833388
103201
346187
354066
857151
62582
196685
234045
582270
834144
51857
357720
478332
300773
113252
138964
296918
623099
601450
542648
538961
573365
604244
386497
832501
16754
204713
209028
257748
349510
515984
421081
39367
814946
574420
165983
435846
146136
352622
287902
44658
455694
538058
160894
532685
539391
339741
372803
346049
663533
813464
184177
322561
379373
299051
236240
404315
183250
418920
44025
594703
292384
654483
878826
589337
20236
813792
60774
231468
302836
433649
147586
155010
442085
616342
212679
18159
577480
558336
25479
203439
592026
311321
122401
289584
471960
17304
170190
661786
184812
819036
237086
564006
197445
302926
600622
102945
367457
847864
398701
512592
567147
251044
452310
623461
645088
585609
26566
654047
238582
511878
450548
220692
569918
480917
843724
232317
166347
154460
802821
192798
527316
893704
4209
551957
143802
593063
258318
863399
34368
347421
649934
347354
585197
534142
897316
66351
612970
164801
317880
668712
622307
101296
838649
168428
10716
246455
327652
543577
860297
