343016
538922
58864
491491
650751
613687
684377
388811
158163
617844
538243
727832
632489
133254
347725
267065
159280
271245
557175
499511
515521
584941
331421
520614
495876
114577
103730
358464
34330
644150
338798
282120
36183
126796
442329
661864
624916
577164
434210
219670
44070
217085
26261
585043
549959
444902
626323
62078
691384
621633
195769
605037
157839
749375
544537
192576
725646
352808
485061
326238
574789
740937
330838
476991
397351
437963
300967
6399
324170
309818
376441
471187
622733
651312
45357
747824
730821
136252
675849
651774
619800
688544
588542
652733
211739
419820
470798
435277
638937
255711
587968
148260
660069
383392
549870
664140
396979
315352
41944
699650
679507
707319
572237
682046
757745
315848
182422
340798
257695
69628
601966
180902
291214
644103
111335
394500
552206
28689
255876
204562
669010
277049
639149
461755
413779
326173
507241
120625
185522
122178
27460
273274
306486
741105
102122
331994
133209
416463
570992
714414
277994
208695
159322
599743
358314
350033
114473
20187
616860
192602
137499
334811
166293
210436
676758
571520
428841
34567
10452
119
310419
621206
454655
40168
154626
695475
650253
298396
365555
739122
638158
652883
605707
715846
403978
665914
586670
458687
37586
247179
194156
762470
525105
591815
28559
547201
511850
463855
294978
491356
349442
501804
405378
673927
762359
501284
615420
276761
271609
21023
56924
234269
176506
627583
129298
119079
516317
280861
696257
2774
715633
416381
104113
61245
21717
33262
664396
277644
547785
219555
400179
639004
13415
457982
387554
491696
698065
123172
68078
337272
606
706996
351228
233615
176225
245846
382428
514385
298817
508571
728521
628479
470446
405744
457070
505217
264436
323581
602453
147545
753408
139581
682949
252743
660933
626208
584712
343425
654770
557439
534154
115444
269601
55374
182027
402002
668465
495406
476582
139482
192918
375563
34359
347676
548423
609234
416794
51911
397864
605764
140299
350328
584663
345494
537221
682688
541353
148381
221278
508676
263576
318338
200589
513585
244423
156951
708527
33573
645001
242583
321711
