343016
538922
58864
491491
650751
613687
684377
388811
158163
617844
538243
727832
632489
133254
347725
267065
159280
271245
557175
499511
515521
584941
331421
520614
495876
114577
103730
358464
34330
644150
338798
282120
36183
126796
442329
661864
624916
577164
434210
219670
44070
217085
26261
585043
549959
444902
626323
62078
691384
621633
195769
605037
157839
749375
544537
192576
725646
352808
485061
326238
574789
740937
330838
476991
397351
437963
300967
6399
324170
309818
376441
471187
622733
651312
45357
747824
730821
136252
675849
651774
619800
688544
588542
652733
211739
419820
470798
435277
638937
255711
587968
148260
660069
383392
549870
664140
396979
315352
41944
699650
679507
707319
572237
682046
757745
315848
182422
340798
257695
69628
601966
180902
291214
644103
111335
394500
552206
28689
255876
204562
669010
277049
639149
461755
413779
326173
507241
120625
185522
122178
27460
273274
306486
741105
102122
331994
133209
416463
570992
714414
277994
208695
159322
599743
358314
350033
114473
20187
616860
192602
