343016
538922
58864
491491
650751
613687
684377
388811
158163
617844
538243
727832
632489
133254
347725
267065
159280
271245
557175
499511
515521
584941
331421
520614
495876
114577
103730
358464
34330
644150
338798
282120
36183
126796
442329
661864
624916
577164
434210
219670
44070
217085
26261
585043
549959
444902
626323
62078
691384
621633
195769
605037
157839
749375
544537
192576
725646
352808
485061
326238
574789
740937
330838
476991
397351
437963
300967
6399
324170
309818
376441
471187
622733
651312
45357
747824
730821
136252
675849
651774
619800
688544
588542
652733
211739
419820
470798
435277
638937
255711
587968
148260
660069
383392
549870
664140
396979
315352
41944
699650
679507
707319
572237
682046
757745
315848
182422
340798
257695
69628
601966
180902
291214
644103
111335
394500
552206
28689
255876
204562
669010
277049
639149
461755
413779
326173
507241
120625
185522
122178
27460
273274
306486
741105
102122
331994
133209
416463
570992
714414
277994
208695
159322
599743
358314
350033
114473
20187
616860
192602
137499
334811
166293
210436
676758
571520
428841
34567
10452
119
310419
621206
454655
40168
154626
695475
650253
298396
365555
739122
638158
652883
605707
715846
403978
665914
586670
458687
37586
247179
194156
762470
525105
591815
28559
547201
511850
463855
294978
491356
349442
501804
405378
673927
762359
501284
615420
276761
271609
21023
56924
234269
176506
627583
129298
119079
516317
280861
696257
2774
715633
416381
104113
61245
21717
33262
664396
277644
547785
219555
400179
639004
13415
457982
387554
491696
698065
123172
68078
337272
606
706996
351228
233615
176225
245846
382428
514385
298817
508571
728521
628479
470446
405744
457070
505217
264436
323581
602453
147545
753408
139581
682949
252743
660933
626208
584712
343425
654770
557439
534154
115444
269601
55374
182027
402002
668465
495406
476582
139482
192918
375563
34359
347676
548423
609234
416794
51911
397864
605764
140299
350328
584663
345494
537221
682688
541353
148381
221278
508676
263576
318338
200589
513585
244423
156951
708527
33573
645001
242583
321711
468103
552001
103665
207743
271941
606014
125510
655313
308959
210473
560353
499325
629198
614561
550312
611015
499161
392711
10901
277900
723719
651537
147716
726265
575902
321724
300745
608673
176112
354033
331533
479682
762937
235869
616234
646596
129297
283326
541060
397137
120245
114433
202277
623857
533948
209787
634421
599975
576417
127660
256189
325354
383637
267163
705728
420066
516056
43814
166805
678520
296368
141685
335737
424590
172854
536496
293776
568270
119012
358591
499266
174980
428597
462612
430587
387018
570332
514414
402209
149624
239955
28935
565914
351727
625296
100694
37755
340898
232373
733758
131720
406425
509290
518833
467855
675424
755453
412210
763075
351271
434243
254565
361129
652183
316446
461001
262885
669156
246378
730889
373103
29419
273002
723067
312676
253691
492365
127976
749523
407467
638168
692004
627806
122104
736869
533952
172307
458776
161838
639314
65170
499418
659953
333661
557309
3484
299287
606370
334677
160037
2334
10233
636849
142766
711893
641771
286339
417313
739760
300626
635157
181447
393043
345134
384477
226788
548686
586806
501053
544078
499600
761189
45676
137806
427037
642909
155165
16453
607622
159177
332354
225945
708588
255889
156574
311386
584865
561117
170535
472774
72807
296279
528163
482365
702918
24813
423117
162310
604833
589940
19627
210669
669779
215525
125795
524056
471930
338111
443271
152569
547080
276912
428327
438721
268881
218329
559477
53987
229383
455374
563092
596837
672041
649042
686781
634717
692982
418261
280703
338661
58910
503968
186739
185562
736933
449319
143794
732669
362191
427774
143353
15573
168514
618372
71125
599842
759668
303327
620018
164029
467076
207663
543806
524518
751939
544464
556572
552396
748225
512669
586222
759855
411741
40350
603617
679036
483506
649260
530040
208495
621459
322400
124529
266
442338
672823
134465
362274
225393
420078
604647
343215
556452
307626
432089
71619
457265
161109
143364
204494
713813
329017
66344
635841
154124
703413
717225
612214
600230
439854
294697
291781
698628
513968
498049
200561
504704
238322
211316
373186
496948
671164
